10

15 13 73 25 67 37 94 98 34 66 42 34 98 56 28 14 86 83 82 49 4 92 91 99
alfryoy 09:18:17:51 enter 84

52 81 31 62 77 99 31 12 12 88 50 37 46 17 89 39 43 22 71 28 14 54 16 86
vcz 09:17:18:24 enter 904

96 41 97 31 86 81 80 3 88 5 73 21 34 87 69 44 5 70 95 39 76 84 5 88
qivqw 01:16:07:35 exit 436

7 95 40 88 90 55 71 65 17 11 7 55 29 19 85 25 45 65 89 37 93 69 80 14
vcz 04:08:09:18 exit 936

69 88 82 21 60 30 70 93 59 57 7 63 100 76 79 10 20 72 45 79 6 80 24 70
alfryoy 09:19:15:55 enter 847

54 44 33 41 29 11 34 56 51 77 3 60 77 72 96 26 82 14 21 31 57 27 58 57
alfryoy 07:23:12:07 enter 271

41 89 1 40 40 51 21 65 58 73 44 100 65 58 9 28 22 27 4 48 85 98 41 36
uahelxnamgj 01:04:16:28 enter 978

85 46 33 59 77 63 57 15 93 94 13 7 5 49 28 44 60 50 96 35 90 85 92 29
dbqu 05:28:05:05 enter 846

96 59 55 78 40 79 19 46 8 82 39 47 55 72 42 84 94 84 31 100 78 86 42 35
gwojjokuw 09:01:13:57 enter 599

26 87 52 63 45 4 86 84 12 38 94 18 76 59 33 95 40 45 62 11 53 50 7 91
ciqsvtzekmjpjylrjf 12:27:13:07 exit 229
